2.84118	1.37872	0.977495	4.4513	3.15855	0.097771	1.96586	-1.24919	0.553518	0.605578	4.19503	3.05663	2.26224	1.72508	1.1405
1.80153	1.58319	0.30846	2.20106	2.44928	1.47352	0.83307	0.4099	1.45047	1.167	2.23972	4.21651	0.904399	0.826193	0.73075
2.71993	2.41917	3.01749	4.06426	1.95706	0.524325	3.77728	-0.047586	2.08637	2.09926	2.77963	0.28537	2.79409	1.97205	2.76245
1.51477	0.86905	1.70492	3.99177	-0.0056	-0.017719	2.62589	1.15451	1.66366	0.422139	5.55577	2.47324	1.81907	2.1065	2.08734
1.79599	2.91028	2.44173	4.42469	0.489955	0.503093	1.9446	0.911289	2.47526	2.28722	5.42263	0.787667	1.11526	4.23888	1.69248
2.87418	2.44961	3.04737	3.1457	1.47099	-0.315826	3.34327	0.464189	0.318005	1.56705	3.80599	3.05314	0.25295	2.05301	2.48384
4.53253	3.34041	1.43111	2.99258	1.81253	0.06865	1.55338	0.25274	0.675781	-1.25975	3.62355	0.4431	2.16396	-0.13481	1.28213
-0.09355	3.4379	0.794269	3.6059	2.02747	2.20144	4.20592	1.202	1.72833	0.946713	5.44419	-0.41352	0.43008	1.2783	2.66483
1.05376	1.47185	2.31404	2.90699	1.89422	1.0801	2.63648	0.450115	1.36709	1.13365	1.79149	0.892456	1.09658	3.33526	2.12618
2.02478	0.95457	0.972578	3.93937	3.16095	-0.155091	2.60931	1.73626	1.62399	1.7481	3.08244	0.866752	2.58926	1.35372	1.06864
2.12795	1.02492	0.866433	3.6398	1.99971	1.33265	3.69878	0.611148	2.09668	0.804183	4.01826	0.78096	2.27179	4.00438	3.0691
1.28989	2.66764	0.34547	3.25724	0.28069	0.579879	-0.34	0.437223	1.19837	0.395621	5.35347	-1.57627	2.28938	0.73309	1.60433
2.48444	2.8753	2.01316	2.85244	3.98864	0.582072	1.37937	-0.6104	0.490833	1.27693	3.54479	0.04714	1.25776	1.86621	1.38622
1.33587	2.18206	1.91001	1.75635	1.29324	-0.194175	1.86143	1.97899	0.60204	0.249348	5.12744	1.65141	1.79934	2.38557	1.15129
3.02181	2.77621	1.67387	4.05406	2.08879	2.20251	1.97828	2.69426	0.817859	0.419823	4.20006	3.65868	1.78524	2.12994	4.02823
3.09746	3.21322	-0.35671	3.546	1.33001	-0.259634	4.03828	0.32662	1.70073	0.697656	7.75829	2.78682	2.53096	2.43193	2.23993
2.1334	2.11851	0.797304	4.31225	2.56354	1.66947	3.51742	1.19091	1.85126	3.17736	4.00419	0.966196	2.35703	1.76316	4.10652
2.38241	2.15689	2.43575	1.96815	1.80449	1.2284	1.01458	1.65716	0.368576	0.596392	4.96202	1.02456	3.60378	0.33636	1.86629
1.63773	2.44223	1.39281	2.84429	0.0918	2.12717	3.7624	-0.14161	1.4533	1.14379	5.42284	2.89766	2.08029	1.28886	2.90429
2.43106	2.13077	1.79581	2.96332	2.89453	1.24145	3.65587	2.22566	1.30486	0.566009	3.32604	0.952106	2.13723	2.63099	2.70378
1.11162	0.00411	4.2573	1.96999	2.95715	-0.243873	3.12415	2.75406	0.511702	2.24432	5.27219	1.50577	3.64653	2.96448	3.27677
1.44541	1.84638	1.24517	2.66234	1.39945	0.633635	2.00147	-0.20181	2.44734	2.37644	6.04684	3.48525	0.88203	1.46567	2.06805
1.59111	-0.90188	1.17685	3.77275	0.71494	2.352	3.53802	0.32978	0.03452	1.14855	3.43628	0.44243	1.37925	2.04239	1.47448
1.88793	2.3052	1.31154	3.15259	2.56633	-0.170946	3.40946	2.58214	1.9142	0.218533	4.52088	2.51664	3.34257	-0.23913	3.20504
-0.145202	2.91649	1.06898	3.46485	-0.97696	1.92149	3.45478	1.08472	0.05578	-0.759655	4.94093	2.23099	1.40278	1.73635	3.02463
-0.39538	0.403873	0.82201	1.72813	2.87467	0.183186	3.20384	2.8485	1.55668	2.97738	5.54163	1.37243	0.85276	1.72802	2.93411
1.76872	2.87253	-0.90368	3.10977	1.92223	1.96508	1.36961	1.91795	2.33248	1.61773	4.51217	2.02243	3.237	2.72201	1.81678
1.25569	1.0767	1.61924	4.39523	2.0739	-0.91105	0.57834	1.5161	0.892977	1.09559	3.38249	1.24368	1.63074	1.81617	4.40546
1.29358	-0.33457	2.05314	2.04704	0.12728	1.0809	-0.00817	-0.13047	0.227511	1.7793	3.70251	1.7188	3.1619	1.55334	4.39804
2.64288	2.46519	1.55221	1.38507	1.99409	0.905183	1.76605	1.67188	2.69011	2.41615	5.0901	-0.00534	1.72489	1.92177	3.18866
1.13	0.488394	0.077181	0.63974	0.796214	2.04822	1.2589	-0.40441	0.362468	1.5382	5.32138	3.00186	4.25429	0.57713	4.84574
0.999027	0.792657	1.71313	2.51287	1.51661	1.14672	0.17067	-0.80327	0.096126	0.242396	3.65462	3.47974	1.57219	2.20618	2.60421
1.69216	1.44945	0.859293	3.35732	1.6615	1.52455	1.90788	2.4309	0.849912	2.50699	6.30796	2.89027	3.6799	3.1018	3.50839
-0.481972	1.49963	1.60259	2.96992	1.3255	-0.651119	2.03673	3.06944	1.85296	1.8471	3.85515	1.47613	0.92949	0.95069	1.48217
0.849995	0.932465	0.934363	2.14577	0.11643	0.882132	2.91111	1.46641	0.893586	-1.19837	1.96005	2.01554	2.80095	0.15835	3.13976
1.14177	-1.43	2.09908	1.55919	-0.12866	0.238003	1.74292	1.25221	1.86921	0.471691	4.57428	1.45561	3.28385	1.53971	2.47048
-1.66507	1.14444	0.426762	1.02472	1.75867	1.71949	2.32787	1.87681	2.19363	0.593029	5.80607	2.51586	4.54682	2.81956	4.7896
1.04923	0.38705	1.20453	0.661704	1.84237	0.053027	1.25956	1.76216	-0.377924	0.707085	4.58254	-0.43984	2.6078	1.93248	5.02193
-2.90056	-2.14104	-0.096275	0.309741	2.10206	1.84678	-0.04277	2.25936	2.07307	2.73339	4.31958	0.781496	2.56381	3.39293	2.80815
-0.956749	0.434126	-0.969634	-0.89902	-0.102565	0.64885	1.53165	1.83137	1.67491	1.12008	3.4341	0.6964	3.26704	1.24064	4.65262
2.30566	1.10305	2.19169	0.891314	1.8684	1.66626	1.45963	1.25515	0.270923	0.769487	2.62743	-0.58437	3.44709	2.30707	2.48057
-2.70336	-0.911851	0.339984	1.44606	1.80394	2.05628	1.0097	3.23806	1.2408	0.608165	4.26197	0.55593	2.52472	2.99745	2.79154
0.202519	0.88866	1.10259	0.06736	0.274166	0.146884	2.55289	-0.60928	2.18708	0.42112	4.05404	0.31615	2.60385	3.15488	4.23437
-0.765054	-1.83119	1.05388	2.77011	-0.798904	-0.952523	2.38997	0.864735	1.48252	0.295976	4.53462	0.09259	2.73134	4.03918	4.03688
-0.642858	1.03578	1.08897	-0.150839	1.0204	-0.119011	1.75862	2.09409	1.28636	1.94413	2.75752	-0.45435	3.83569	1.98664	2.57956
-0.084721	0.565811	-0.1492	-1.02862	-0.443035	-0.241319	-1.34462	1.00939	-1.07274	2.31715	2.66892	0.678113	3.4223	1.77428	1.93168
1.08273	-0.385022	-0.886451	-0.794917	-0.39399	-0.758197	-1.7384	-0.704375	2.67774	1.20863	4.72318	0.35695	0.96447	0.59498	2.90236
-1.48521	-2.67737	0.616593	-0.148849	1.35148	0.684724	0.415218	0.900178	2.2237	0.669721	4.23705	2.62751	3.194	1.14943	1.92972
0.796477	2.06561	-1.08857	-2.38501	0.316485	-0.412054	-0.436941	1.8898	0.45451	0.857531	3.41499	1.16695	1.14102	1.69078	2.35494
-1.55134	-0.948411	1.4128	-0.120553	0.792708	0.542798	-0.105189	0.804353	-0.18722	0.812901	2.17896	2.54296	2.17681	0.01977	0.69482
0.17208	-0.336571	-1.81429	0.438317	0.359507	0.366987	-0.706201	0.168431	1.18048	0.629132	2.47493	2.29945	3.15673	3.45256	1.09091
0.297622	-0.145654	-1.12424	0.488316	2.0978	0.641113	0.720699	3.19846	-0.394392	1.11295	3.4852	2.19567	2.56915	0.13427	3.32426
-1.27433	-1.36139	-0.538492	-1.67354	0.527568	3.35829	0.977169	-0.649243	0.891729	1.34096	2.27332	0.741798	0.991325	1.74468	4.00137
-1.39087	-0.459382	0.3521	0.51688	-0.549112	-1.11784	-1.02363	1.95891	-0.271231	-1.62495	3.65813	1.62208	0.84484	0.896616	2.93613
-1.37549	-0.094535	1.17446	-2.17945	0.376991	-1.06386	-1.38431	-0.047755	-0.644647	-0.419608	5.07435	2.8333	1.34763	0.344	3.16371
1.32228	-1.90115	-0.412224	-1.10486	0.795009	-1.3149	-0.309798	-0.141145	0.966627	0.68364	3.60589	1.21906	2.54092	1.04969	4.02826
-2.7629	-2.39629	-0.632137	-1.89722	-1.32993	-1.82746	-0.515109	0.281266	-0.377798	1.06299	3.26357	0.982603	1.91272	2.72997	3.16464
0.14526	0.62098	0.15961	-2.34367	-1.08544	0.757952	-0.651208	-0.667518	-0.261233	0.695413	2.53647	0.75456	1.15107	1.03872	2.872
0.16314	-0.709509	-0.493249	-0.60146	0.196401	-1.48646	-1.18745	0.614996	0.08447	1.02501	4.67134	1.3055	2.13957	2.87906	3.65379
-1.08029	-2.78133	-2.54149	-0.49288	-1.48206	-0.254136	-2.48681	-0.0484658	-0.143707	0.086821	4.27057	1.47545	2.47476	1.20638	2.14099
-0.668953	-1.49793	-1.65231	0.25322	-1.35977	0.380187	-1.14745	-1.8282	0.217681	0.775479	2.05498	0.978117	1.96663	1.76267	3.26975
-1.23503	-2.68118	-0.802588	-2.99184	-0.02538	0.373477	-2.07407	-0.816892	-0.871765	0.374516	1.35557	0.956411	1.76483	0.900915	2.90441
-1.43554	-1.27977	-1.12998	-4.30931	-0.015895	-1.44558	-1.03456	0.421038	0.867082	0.369203	0.49573	1.74559	2.5467	2.67429	2.63709
-4.3925	-1.08075	-0.343024	-2.77911	-1.6295	0.271904	-2.6016	0.539061	-0.224027	1.58379	2.67718	2.02236	0.715774	2.02702	1.64223
-1.72947	-1.84441	-0.973731	-3.8507	-1.68402	0.345045	-0.93797	0.651542	-0.329289	0.888367	1.07333	1.01232	2.42695	1.41002	2.94374
0.02409	-1.70442	-0.628387	-3.30446	0.08525	0.65249	-0.45885	1.18719	-1.46365	-0.649784	2.75878	1.1236	1.29829	1.41447	2.83915
-1.57793	0.11293	-2.24863	-2.87323	-0.09869	0.282279	-1.63077	0.631033	0.986928	-0.773625	1.3736	0.946554	2.80868	3.07447	2.2256
-2.19652	-1.21368	-2.30943	-1.51891	-2.04603	-2.53488	-2.13393	1.57103	0.739157	-2.73511	3.92909	0.245151	-1.19975	3.00099	1.95114
-1.03209	-0.879428	-0.937859	-2.97019	-1.05537	0.007738	-1.69176	0.660668	-1.74172	2.33796	1.42911	1.2409	0.648906	1.43053	2.57142
-1.94147	-1.42702	-2.66534	-0.84052	0.0625	-2.33417	-1.49683	-1.55022	2.09715	1.60794	0.51078	0.867193	2.4382	0.619858	1.65798
-2.00182	-2.59979	-0.850284	-2.9513	-0.551112	0.420216	-3.87932	-1.49309	0.804461	-0.593026	1.18169	1.54171	1.27155	1.16195	4.36336
-2.36697	-2.64594	-0.426723	-2.66738	-0.743762	-1.47664	-2.66924	0.8881	0.61213	-0.884106	1.38369	2.32006	0.683076	2.18824	3.32974
-1.38774	-1.44253	-1.95154	-4.49978	-2.52588	-0.690735	-1.54559	-1.13992	-0.977943	-0.227044	2.89783	-1.78164	0.48317	2.10492	0.43359
-1.04385	-0.02237	-1.524	-3.11233	-2.86154	-0.881411	-3.71273	-0.901048	-0.129882	-2.59459	0.350144	-0.480038	0.726888	3.29184	1.46924
0.18578	-2.9282	-2.30471	-3.3179	-2.12706	-0.520672	-1.71278	-0.436558	-0.061714	0.190628	3.40121	2.23981	2.33424	2.38442	2.91296
-3.09383	-3.54836	-1.06134	-5.99546	-1.6367	-1.43256	-1.58902	-2.35174	0.128551	-0.0844515	1.49318	2.23423	2.74012	1.76854	0.982079
-2.32178	-2.03725	-2.32278	-2.65212	-3.30529	-0.818468	-2.85754	0.15154	-0.20757	0.252402	-0.554977	-0.686645	-0.464369	2.23724	-0.08796
-1.25325	-3.35429	-0.570148	-2.95911	-1.06305	-0.485278	-2.40438	-1.16154	0.069076	-1.13665	-0.703918	3.2828	2.50703	2.61487	1.35887
-0.34972	-2.31394	-2.10259	-3.30169	-3.25495	0.03024	-2.05756	-1.22024	0.311337	1.12319	2.06819	-1.29978	0.853053	2.13596	0.69862
-1.22956	-1.20503	-0.558022	-5.42503	-1.09203	-2.44062	-2.71951	-2.70797	-1.1971	-0.455466	1.15599	0.769382	-0.718463	0.127165	2.44862
-1.61696	-1.58887	-2.37408	-4.33323	-2.23424	-1.46108	-2.04893	-2.88242	-0.701131	-1.28414	1.5389	1.61593	1.76103	0.728984	1.14465
0.00213	-1.74088	0.57503	-4.51255	-0.857238	0.208602	-4.57105	-2.78812	-0.371149	-0.107179	2.17309	0.885164	1.02735	0.203397	1.4922
-3.45315	-2.58116	-0.796164	-5.15948	-1.64995	0.554579	-4.01647	-2.59809	-0.262861	0.478781	-1.01023	1.26717	1.31086	0.76251	0.839945
-2.43884	0.12902	-3.4472	-3.59425	-2.42229	0.313562	-2.04701	-0.34278	0.210467	0.743268	-0.657431	-1.5714	0.318875	1.39773	1.65127
-0.25676	-1.22393	0.29645	-4.90047	-3.8735	-2.54482	-0.90452	-2.1219	-0.426189	0.081296	0.574721	0.672766	-0.299647	1.57089	1.52636
-2.17877	-2.83768	-2.97374	-3.82913	-0.51268	-1.86056	-3.99331	-2.49283	-1.86039	1.91776	-1.56229	0.783939	0.160246	1.13122	2.33074
-1.5041	-1.22053	-0.22478	-3.22428	-1.71728	-1.68493	-4.85941	-1.59065	-1.43905	0.09546	-0.085811	-0.263363	1.06101	-0.786666	0.444668
-2.49284	-1.85016	-1.70553	-4.40659	-0.792998	-1.3694	-2.58825	-0.73545	0.183725	0.606785	-0.894048	-0.683094	0.679076	1.01079	-0.635204
-1.78599	-2.78286	-0.29083	-3.66886	-1.82131	-1.45913	-2.17595	-0.35674	-1.61386	-0.597375	-0.51272	-0.4994	0.710694	1.07077	1.16175
-2.72887	-1.85345	-1.84731	-3.22091	-1.97771	-1.35536	-1.03203	-1.65283	-1.89624	-0.9335	-0.924105	0.608923	-1.75552	-1.53674	2.73396
-2.62757	-2.0284	-0.991027	-2.75401	-0.25441	-1.50048	-2.9089	-0.955583	-0.140333	-0.294367	1.01538	0.122949	-0.713334	-0.026279	0.721632
-1.04705	-1.55801	-1.08039	-2.94947	-1.57209	-1.82388	-4.0601	-1.47312	-2.26405	2.16381	-2.42016	0.541145	-0.978963	1.32486	-0.985351
-0.16448	-2.22823	-0.34602	-3.47119	-1.12119	-1.52703	-2.02281	-0.835806	-0.526689	1.60738	-0.501466	-0.92433	-0.460757	1.15962	0.864693
-1.19033	0.80312	-0.1349	-5.1537	-2.73925	-1.10262	-2.35184	-2.53614	-0.489207	0.477054	-1.17385	0.328661	0.234971	0.102653	-0.502731
-1.37204	-2.29127	-1.9665	-2.5434	-3.78855	-3.37464	-2.66832	-1.40757	-0.122707	-0.455272	-1.06948	1.70181	0.273565	0.568166	-1.44179
-1.70479	-0.804031	-0.743388	-5.30361	-2.69074	-0.524689	-0.75513	-3.20445	-0.28554	-0.425303	-1.68759	-3.36654	0.612287	0.690709	1.34636
-1.47123	-2.2341	-0.13521	-4.62736	0.24866	-1.69438	-1.79028	-1.94327	-1.316	-1.8322	0.78841	0.53853	-0.066013	1.0229	-0.264926
-1.28417	-0.17882	-1.44125	-2.96793	-0.582056	-0.877665	-1.58532	-1.62978	-0.45877	-1.75123	-2.06377	0.036941	1.45321	1.00783	0.602993
-2.02267	-1.88746	-1.42352	-1.65586	-2.23105	-1.17035	-1.30872	-1.76966	-1.4909	-0.616318	-1.94755	-2.32331	0.460233	0.558604	-2.4297
-1.15732	-1.84417	0.69623	-3.27053	-1.16726	-0.403735	-2.15474	-1.33635	-1.31476	1.12814	-1.3035	-0.92087	-1.44313	0.136891	-0.008087
-3.01499	-2.11	-1.01096	-3.9782	-0.997467	-1.01344	-1.93237	0.3408	-0.792849	0.556437	-0.982035	-1.48282	-0.18862	-0.877618	-0.111117
-1.53262	-1.41792	-0.701077	-1.18677	-2.47581	-1.59858	-0.19163	-1.8647	0.111169	0.80342	-1.66421	-1.49707	-0.331578	-1.50548	-1.32504
0.08252	0.05434	-0.32852	-1.30843	0.71891	-2.03111	-0.732596	-1.70273	-2.00898	-2.19252	-2.87898	-0.769259	-1.33264	-2.28113	-1.60182
0.917872	-1.52586	-1.54107	-2.85352	0.50052	-0.875354	-0.424985	-0.913657	-0.897032	-1.9258	-1.85619	-1.19468	-1.8338	0.340232	-0.10407
-0.51245	-0.399819	-2.64514	-2.414	0.228275	-0.419081	-1.73312	-0.809885	-0.082118	-0.847628	-0.53255	-0.858921	-0.570299	-1.77362	0.504793
-1.75828	-1.0395	-3.42895	-1.86793	-0.704727	0.727215	-0.107112	-3.44488	0.07855	-1.0262	-2.47795	-2.37654	-0.073449	-0.197645	-0.314687
-0.012548	-1.75638	-0.353755	-2.1198	1.20032	0.655967	1.1778	-1.68219	0.2833	-0.18339	-1.43567	-0.759037	0.356475	-1.62503	1.01857
0.996558	-1.87393	-1.6199	-1.30784	-0.145455	-2.86542	0.18365	-2.47121	0.11652	-0.939056	-2.81032	-0.208804	-1.08611	-2.58943	-0.005516
2.75136	0.489406	-0.447723	-2.23211	-0.466533	-0.215563	0.149046	-2.94618	-1.32811	-0.943482	-1.70333	-0.831352	-0.536921	-2.11817	-1.61399
-1.53105	-0.514033	-0.631808	-1.95001	-1.74195	-0.788261	0.754362	-2.12593	-0.197175	-1.39327	-2.61062	-1.2842	-1.67685	-0.224508	-3.07918
-0.322621	-1.77531	0.036901	-0.49906	-0.767898	-1.6344	1.93678	-0.102861	-2.66902	-0.192996	-2.41773	-2.8439	-0.654512	0.533519	-1.26089
-1.19291	-0.590105	1.21246	-0.960578	-0.515824	-1.79579	-0.881079	-0.426526	-2.04202	0.392774	-1.487	-0.208534	1.0945	0.23284	-0.253018
0.866053	-2.63307	-2.12616	-0.400089	-1.3028	-0.331923	-1.02759	-2.13091	2.21953	-1.59557	-1.43971	-0.367189	-1.8487	-0.578805	-0.879745
-0.0525365	1.53997	0.036007	-0.11247	-0.067204	-0.630395	0.804026	-3.25406	-0.6082	-2.33566	-1.65432	-1.12063	-0.96029	-0.286786	-1.23057
0.797383	1.98483	0.381429	-1.76281	2.29113	-1.10809	0.302937	-0.409459	-2.30155	0.483285	-1.90578	-1.83066	0.10632	-0.05412	-0.961539
0.130591	-2.45782	0.061488	-1.09894	0.955444	0.241634	2.05325	-1.22295	-1.84052	0.788787	-3.4782	-1.23651	-1.73099	0.01054	-0.997377
-2.05411	0.0859137	0.22667	-1.23934	0.605565	0.338932	0.148441	-1.69829	-3.41292	-1.24246	-3.57132	-1.60774	-0.690653	-0.251922	-1.99373
0.275359	1.51749	1.23668	-0.616125	0.14945	-0.802364	0.324289	-1.43127	-1.33078	0.374632	-2.14519	-1.53272	0.9212	-0.702617	0.23737
0.487075	1.00425	0.0046501	0.203958	0.405718	-0.515652	1.02126	-1.09365	-1.38756	0.861554	-2.498	-0.530683	-0.31773	0.78615	-0.53679
0.181901	1.709	0.687752	0.746538	0.518559	-1.9327	-0.669479	1.03711	-1.58846	-2.69617	-3.82803	-2.24955	-2.1424	0.34052	-0.4821
0.018068	-0.800374	1.11519	-0.112247	-0.030138	-0.88258	0.892364	-0.776897	-1.33509	-0.537348	-4.34526	-2.53343	-2.39442	-1.2475	-2.83939
1.81727	-0.075543	1.57781	-0.160961	1.05313	-0.301312	1.99409	0.416183	-0.432256	-1.65704	-2.52245	-2.06798	-0.933552	-1.39328	-2.30629
1.51552	0.503316	0.189304	0.33176	-0.36826	-1.06691	2.64481	-1.60787	-1.25861	-0.879678	-2.65682	0.15823	-2.17582	-2.15834	-1.53422
1.90833	1.12651	-0.530747	2.57278	0.612253	0.415054	1.79419	1.02325	-0.94829	-1.69736	-2.92008	-0.857418	0.34719	-3.37064	-2.03552
-0.134115	0.430551	0.755897	1.19311	1.5377	0.48508	1.24314	-0.824105	-1.35526	0.972679	-3.45933	-1.50639	-1.60313	-1.91413	-0.72091
-1.11314	-0.05416	-1.11366	0.486195	0.752312	0.492278	1.13621	1.56928	-1.47135	-0.362623	-2.6944	-0.18739	-1.35844	-1.5675	-1.02405
0.300147	-1.81262	-0.2351	-0.632416	0.521663	0.632923	2.29934	1.03545	-3.47707	-0.683254	-2.76418	-0.519101	-3.39054	-1.81472	-0.26406
1.10467	0.777104	1.53712	-0.138046	0.015663	-1.55593	1.88787	1.0039	-1.01515	0.55602	-4.64004	-0.3786	-2.17607	-1.8428	-2.90638
0.926414	0.517464	-0.108342	0.693002	0.340285	0.515124	0.461	-0.40377	-1.21608	-1.06878	-2.92975	0.3716	-2.3602	-0.52038	-0.50712
0.186129	1.76814	1.69439	2.14225	0.795405	-0.208291	2.38136	1.30428	-1.73467	-0.531417	-4.03133	-2.48151	-2.77194	-2.82727	-1.77985
1.65003	1.78589	2.81805	3.00104	-0.5395	-1.17797	1.92143	1.48772	-2.51389	-0.212756	-5.7273	-1.57768	-1.39183	-3.44121	-3.18811
1.71211	-0.31831	1.03269	2.93289	1.02799	-0.818783	3.07243	1.29551	-2.36349	-2.01369	-4.28169	-1.83242	0.16173	-2.95672	-0.79078
0.959895	-0.17271	0.563353	2.23117	2.62654	0.329704	1.75692	-0.68246	-3.38219	0.312481	-4.3517	-0.845579	-2.75115	-1.13012	-1.88259
2.0113	0.22012	2.57595	1.00328	-0.09495	-0.174393	2.12418	-0.681828	-1.84527	-1.37155	-4.41151	-3.1735	-2.38359	-2.30977	-2.48832
1.91351	2.16915	-0.993803	0.40209	3.32021	1.31427	2.75056	1.21636	-2.88015	-0.587101	-3.24387	0.01812	-4.81598	-1.17868	-2.70345
2.09295	3.2931	1.13277	2.74226	0.504065	1.4804	2.3203	-0.8054	-1.34545	-0.502689	-3.61457	0.57736	-1.10563	-0.41085	-1.45593
2.18115	2.62316	0.544617	2.74684	1.66315	1.00566	3.67709	2.32245	-1.36334	-0.273933	-6.40089	-0.69317	-2.32478	-3.37572	-2.72801
1.44667	1.7293	0.963676	3.32146	2.81659	0.726148	3.00176	1.57515	-0.680544	-0.828414	-4.77528	-2.85195	-3.02253	-3.74834	-1.04411
2.70034	1.66879	1.13243	3.01528	1.07728	-0.177458	3.82089	0.784799	-0.335936	0.1134	-4.08153	-1.58045	-2.32639	-1.62687	-3.19962
2.47264	2.19961	1.51368	2.35541	2.32792	0.692549	2.56122	1.31471	-1.16328	-1.35067	-2.88568	-2.57374	-3.10781	-2.0029	-3.50632
1.95622	0.821965	0.684543	2.76155	0.927832	0.736264	3.8657	2.8436	-0.864838	-1.68285	-4.58411	-1.29136	-2.30672	-1.53649	-3.45595
2.22565	1.05197	0.950843	2.48741	0.17278	0.483641	0.665	1.8313	-2.16068	-0.74421	-4.45748	-0.18599	-2.4634	-0.55569	-4.69724
1.86367	1.28157	4.04458	3.16141	-0.08899	2.63599	2.98939	0.01418	-1.85389	-0.541707	-5.58138	-0.39198	-1.87581	-1.85771	-3.98286
1.60376	0.53181	1.48618	4.54929	1.34946	1.74987	3.20012	2.74685	-0.1115	0.296583	-5.82834	-1.59745	-3.35443	-2.31482	-2.95276
1.70517	3.09992	0.00994	2.54971	2.37306	3.17973	2.7462	0.41599	-0.879188	-0.784828	-5.72229	-2.75514	-2.32241	-0.60865	-4.14638
0.65013	3.39413	2.45382	3.6955	2.49045	1.83515	3.67005	0.50675	-1.44705	-1.80313	-4.53835	-3.9571	-2.20063	-2.42888	-4.06584
3.45228	1.71015	0.92225	4.55442	3.46114	0.362702	4.10622	0.66101	-0.572375	-0.723314	-3.33506	-1.7716	-1.15665	-2.74226	-2.75462
2.20537	2.35802	-0.68659	3.56097	1.84952	1.71798	2.3851	1.49417	-0.08097	1.22706	-4.25815	-1.71936	-1.5042	-1.39594	-1.87568
3.14136	1.4511	1.04601	3.02645	2.29543	0.286902	2.01242	1.83988	-1.35603	-1.86955	-4.25698	-0.47053	-0.34641	-2.32101	-3.36161
1.38911	2.20725	-0.26876	3.89906	2.14407	1.01603	2.20784	0.940764	-2.87231	-2.30488	-3.0741	-1.26178	-1.58271	-3.4727	-1.99974
-0.34224	2.2519	0.873919	5.7828	0.865198	1.14845	4.3125	0.44057	-1.84366	-1.00065	-4.24299	-0.909833	-3.85937	-1.90598	-1.60186
2.86724	2.93322	0.505197	4.82359	2.47099	1.33992	4.06429	2.12827	-1.40156	-0.785918	-4.01874	-2.78951	-4.01699	-2.86799	-2.1906
2.17026	0.81472	1.40346	3.56641	1.07132	1.39163	1.92041	2.55817	-2.04168	-0.169349	-3.87325	-2.06407	-1.91737	-3.11987	-3.51526
2.82765	0.32116	2.9568	4.20647	1.34686	-0.374386	3.81126	0.52632	-0.354479	0.609692	-4.11767	-2.22372	-1.58882	-0.83883	-3.81754
2.23049	0.11548	1.14348	5.35268	1.27521	2.5183	3.25762	2.65855	-0.798865	-0.242358	-3.19582	-2.21472	-1.01213	-2.96815	-3.26222
0.47214	-0.58876	2.04433	4.85665	2.12542	1.7887	2.19586	1.41796	-0.363137	-1.01641	-4.03611	0.03539	-3.11905	-0.97127	-3.39266
1.5189	0.52022	0.35243	4.7639	1.55632	0.471596	2.01079	4.24608	-2.87811	-0.604396	-4.29882	-1.44787	-4.04045	-1.07056	-1.41581
2.71958	2.35326	3.41972	2.59026	2.34527	1.51859	2.06867	1.64644	-0.632129	-1.56243	-5.34269	-1.07278	-2.89484	-2.661	-2.43416
3.33907	4.89176	0.741777	4.13125	1.74416	-0.447745	1.93062	2.05778	-1.10978	-2.17765	-3.4339	-0.826858	-4.73078	-1.50214	-1.77603
2.61244	1.13376	1.82221	3.4272	1.32601	-0.324558	-1.20745	2.77224	-1.73373	-1.44113	-3.44859	-1.24521	-2.91913	-1.63345	-4.62515
2.46547	0.90694	0.29821	4.71816	2.40896	1.78725	1.25895	-0.14302	-0.365963	0.267816	-3.76907	0.25084	-1.77607	-0.75079	-1.54105
2.56721	0.31756	1.51785	3.61614	1.95617	-0.526252	-0.11906	1.9004	-1.85138	-0.838359	-5.49883	-0.1504	-3.19745	-1.85725	-2.84654
0.885531	0.86809	0.635364	2.81776	1.62553	1.86762	1.04086	0.2654	-0.323497	0.098668	-3.13939	-1.11888	-2.75794	-2.80563	-3.82309
1.66762	2.62266	2.92715	5.36652	0.26856	-1.70019	3.50336	1.062	-1.62465	0.521085	-3.81628	-2.96915	-1.14364	-1.97292	-2.76137
1.63464	2.56624	2.11184	3.46575	2.837	-0.167281	2.96936	2.34786	-1.936	-0.448414	-4.96576	-0.47323	-2.06314	-2.35065	-4.57192
1.72856	1.22078	1.48198	3.86338	0.237866	0.718624	1.22071	2.29904	-0.864421	-1.56683	-3.77316	-0.720966	-1.94591	-2.47329	-1.27168
3.1069	2.28627	2.5523	4.3084	1.60045	0.535828	2.09229	2.15026	-2.42225	-0.460207	-4.3477	-2.7447	-1.98482	-1.77037	-2.4278
1.22398	2.57925	-1.48484	3.99229	0.193615	0.236553	2.38687	2.90544	0.401198	-1.13197	-5.64464	-1.69002	-2.30274	-2.97606	-1.90482
1.59611	3.27729	0.439754	3.058	1.02487	1.90793	0.338092	0.28045	-0.973706	-1.99386	-4.77389	-3.07897	-2.53687	-3.22262	-2.28745
1.11118	1.14355	1.62933	2.55957	0.819405	1.38994	2.99318	0.28739	-0.431676	-2.61767	-4.25086	-1.06542	-3.58998	-1.59959	-3.45783
0.854645	2.87711	0.746461	2.8201	1.79654	-0.462955	0.828387	1.09576	-1.52493	-0.503334	-3.71757	-0.974554	-2.44161	-0.66766	-3.16355
0.930542	1.71906	2.47169	4.60729	-0.379075	0.705024	0.593348	0.452695	0.71375	-1.33932	0.35536	-0.813487	-3.49149	-0.67871	-2.7526
2.55884	2.89133	1.37171	1.84859	0.2391	0.732141	1.38106	-0.28508	0.207572	0.022445	-5.33361	-2.3899	-2.43671	-1.90805	-3.30624
1.82452	1.80617	0.877799	3.42365	0.016933	1.41706	-1.76842	-0.0661	-0.471112	-1.64859	-3.4106	-2.55249	-1.48507	-1.20309	-2.30456
0.441422	3.11907	1.54818	5.9855	1.11146	0.529703	0.009548	1.06232	-1.61849	-0.384654	-1.09001	-2.36398	-0.90449	-2.67077	-3.57156
1.56859	0.718899	0.880017	2.32063	2.13116	-1.35562	1.33262	-0.05418	0.419067	-0.983418	-4.27705	-1.78819	-1.28619	-1.47525	-2.80581
-1.33169	0.799573	-0.03793	5.39717	1.29493	1.15247	0.724682	1.81426	-1.27606	-2.18154	-4.04321	-0.570649	-0.57943	-1.973	-3.4832
1.66498	1.62786	0.013982	3.86651	1.10861	-0.584245	1.18991	1.37861	-0.280929	-1.66687	-1.86757	-3.56006	-2.30447	-2.25816	-2.76378
1.44789	0.658338	1.88292	4.04773	1.18021	0.286708	0.335788	-0.167755	1.70378	-1.36886	-2.54583	-0.655187	-2.56886	-1.09911	-2.4349
0.577719	1.0658	-0.679068	2.75757	-1.12618	0.868048	0.013379	-0.622594	-0.694432	-1.04184	-2.69901	-1.50623	-2.27651	-0.3938	-1.9029
0.198523	1.29781	0.79833	1.40238	0.0509634	0.098484	-0.554254	0.381597	0.508569	-0.200168	-3.74796	-1.283	-0.48699	-2.92644	-3.13725
0.614634	1.7281	1.7601	2.7372	0.282351	-0.781211	0.135444	-0.172148	0.076233	-0.563399	-3.8122	-2.00265	-1.89385	-1.59884	-3.98355
0.096662	1.44911	-0.091057	1.98083	-0.788036	-0.018549	0.370389	0.564779	-0.484522	-0.869427	-3.70634	-2.76332	-1.11008	-2.97086	-3.03824
-0.409258	1.16796	0.549704	2.51009	0.257051	0.722764	-1.54091	0.458092	-0.650984	-0.039691	-2.00842	-0.01772	0.17477	-3.05653	-1.90718
0.772232	0.619775	1.75195	3.2634	0.400699	1.56406	-1.38121	0.553138	-1.1524	-2.25283	-1.99095	-2.20452	-0.752865	-1.32028	-3.96362
1.43167	0.258658	-0.438487	2.22287	-1.08457	0.54586	-0.600005	0.381389	1.70896	1.08614	-1.48839	-1.28789	-1.53553	-1.87583	-2.13858
-0.775587	0.625685	0.983897	1.20277	0.147019	0.374964	-0.868006	-0.397398	-0.408905	2.22453	-1.85061	-1.63518	-0.58724	-3.26468	-1.89515
-2.18948	2.18721	0.760613	-0.07402	-0.888892	0.498973	-2.53411	0.0758425	-1.43018	-0.502935	-0.73047	-0.570863	-2.27252	-2.01338	-3.4689
0.86348	0.509901	0.885623	-0.92568	0.535523	0.24947	-1.32257	1.58084	-0.908431	-2.94022	0.6128	-3.13116	-1.06888	-0.23579	-1.0926
0.185535	0.407564	-0.54656	2.85888	-0.633761	-0.308621	-2.24031	-2.40041	0.480629	0.548929	-3.03916	-0.483366	-0.19362	-1.33503	-1.05814
-0.832451	-1.1652	1.23437	0.375264	-1.28894	-1.62247	-1.99395	-0.0948469	-0.916899	-0.243146	-1.50227	-1.76387	-1.46296	-2.70965	-0.9456
0.418754	-0.268358	-2.0367	2.43252	-0.882473	0.932612	-2.12043	-1.21591	-1.18776	-0.27386	-1.23122	0.335618	-0.522106	-0.481872	-1.76805
-0.240602	1.17433	-0.566561	-1.24936	-1.26414	-1.30977	-1.08364	-0.871299	-0.244664	-0.518932	-1.30216	-0.665199	-1.73857	-1.61431	-2.59422
2.0913	-0.599744	-0.575977	-0.075624	0.44696	0.29266	-2.46275	0.665296	-0.182144	0.159398	-1.2762	-4.7725	-2.28703	-1.5508	-0.55741
0.261724	-0.228365	0.869548	0.422517	-0.489085	-1.1761	-2.37503	1.00111	0.318979	-1.92627	-0.30922	-2.0249	-0.656128	-1.94047	-1.12343
-0.168188	0.988304	1.28848	-0.998632	-0.580449	-0.528747	-3.37668	0.376999	-0.639841	-0.429216	-0.799025	-1.19952	-0.13487	-2.08283	-1.83032
-0.176168	-0.678925	-0.819959	0.449529	1.10166	-0.226001	-2.8839	0.236805	0.595724	-1.0372	-0.797543	-0.445422	-1.17788	-1.7139	-1.49157
-0.800696	0.136145	-0.614236	0.651879	-1.89378	-0.748206	-3.42066	-0.938529	1.03003	1.35512	-2.10952	-0.401111	-2.90022	0.19801	-3.03238
-1.9084	1.08944	0.52193	-1.10723	-2.26493	-0.041921	-1.56649	-2.84242	-1.09608	-0.847276	-0.02064	-1.3513	-1.5421	-1.30311	0.09472
-1.06462	-1.20575	0.924955	0.391539	-1.01246	-1.42183	-3.07807	-1.01397	0.718175	1.72473	-1.61402	-2.19513	-0.947062	-3.33961	-3.30967
0.012903	-1.90033	-1.28968	0.805487	-2.31108	-0.204594	-3.54786	-1.01025	-2.59229	-0.925679	-1.15587	-0.530374	-1.15166	-2.60639	-1.98773
-1.63471	-0.347111	1.13559	0.022899	-2.68011	1.40804	-2.459	-1.33756	1.80244	-0.687411	-0.328232	-1.16284	-2.70761	-1.64071	-1.38867
-1.08191	-2.11051	-0.886539	0.084176	-1.56071	0.309723	-3.32503	-0.742009	2.01704	-0.506424	0.107597	-1.02901	-0.662611	-0.52228	-1.91391
-0.444562	-1.04693	-0.847911	-1.2769	-1.90636	-1.45891	-2.8518	-1.76357	-0.734377	0.423668	-0.696547	-2.40512	1.2171	0.416254	-0.36293
-0.221932	-0.689336	0.591269	-0.427813	-1.62724	-1.62723	-2.69056	-1.33188	-0.033613	-0.101116	-0.882751	-2.07202	0.082782	-1.58614	-1.43509
-0.218224	-1.40082	-2.63553	-1.12108	-3.45211	1.38289	-3.67408	-0.952656	0.062244	0.691993	-0.914357	2.2173	-0.93626	0.37066	-2.64596
-1.15991	-1.55861	0.548604	-1.79809	-2.03808	-0.307256	-3.88595	-0.497043	-0.173887	-0.120057	0.719482	-1.0367	-0.916766	-0.607211	-1.14146
-2.31991	0.409	-2.44503	-1.04593	-2.84685	-2.06417	-4.41168	-2.10889	0.634427	-1.15493	0.490229	1.17423	1.18387	-2.16027	-1.56103
1.00628	-0.480367	-0.459185	-2.25344	-1.17659	0.254585	-1.74808	-1.13911	1.03032	0.02922	0.243478	1.75871	-1.34177	-0.249731	-1.48209
-1.28988	0.09143	-0.427751	-2.03843	-2.19202	-1.37969	-3.37716	-0.942305	-0.098122	0.743567	-0.565997	-0.156481	-0.268247	-0.202083	-0.829057
-1.83882	-1.23575	0.046533	-2.44097	-0.934696	-1.10529	-3.65111	-1.95157	1.24983	0.135869	-0.22894	-2.67181	-0.465117	-1.27796	-1.00382
-0.01225	-1.39968	-0.50115	-2.48103	-1.67701	-2.11859	-4.16474	0.53062	-0.342154	0.608452	0.63831	-2.06898	-0.470551	-2.07232	0.003876
-0.4345	-2.54084	-2.4754	-3.83679	-0.18036	-0.554293	-3.71998	-1.27043	0.035247	0.947181	0.913113	-0.452308	0.68991	-0.619386	-0.745306
-1.56301	-2.8741	-0.465546	-3.02708	-2.7025	-0.566962	-2.2748	-0.5349	1.64175	0.858635	0.264648	0.389352	-0.026972	0.387549	-0.912752
-2.85679	-2.36619	-3.55126	-3.61682	-1.63645	-2.46132	-0.63489	-1.10902	-1.94973	-0.829328	-0.427339	-0.532381	-1.19546	-2.0478	-0.025617
-1.14198	-2.13667	-0.485269	-3.6369	-3.64742	0.615123	-3.8542	-2.39522	0.929566	1.44366	0.574553	0.970143	0.998855	0.728742	-0.532381
-1.85848	-2.4088	0.11262	-1.31286	-2.31524	-0.570951	-3.279	-2.54427	0.323088	0.293303	0.946825	0.184928	0.128395	-1.54505	0.45818
-1.11313	-1.85296	-0.01812	-3.47863	-0.67293	-2.2565	-2.85471	-1.40326	1.35143	-1.23225	1.09631	0.131652	1.03679	0.113432	0.071828
-2.48075	-2.40951	1.58625	-3.25431	-0.982614	-1.05826	-3.53726	-2.78396	1.92008	0.427237	1.76493	0.011144	2.25673	-0.450038	-0.071489
-1.15432	-2.21445	0.00092	-3.60053	-2.60485	0.095492	-3.11601	-1.09956	0.892506	0.849302	0.653638	1.244	-1.40527	-1.38809	-0.553036
-0.75644	-1.59725	-0.555527	-3.41227	-1.80045	-1.5828	-2.79463	-0.06706	-0.18359	0.547226	0.931186	-0.522519	1.32736	1.21226	-0.610691
-1.70706	-1.39052	0.6121	-2.6969	-1.43433	-1.79644	-2.25761	-0.63825	0.676497	-0.281406	0.449801	0.207565	-1.5391	0.582945	0.405512
-2.81124	-2.03054	-2.28583	-3.08822	-1.32817	-0.455206	-2.41046	-1.3144	-0.858871	1.84649	1.05212	0.999843	-0.440266	-0.075046	-1.52336
-0.845942	-2.23443	-0.476736	-2.84367	-1.64258	-1.75671	-2.77178	-2.94873	-0.90458	1.54109	1.78851	1.16068	1.9709	0.228049	0.998035
-3.07024	-1.44479	-1.20426	-2.84048	-2.06766	-2.17104	-0.56965	-2.60209	0.858068	1.89065	1.75886	3.16504	0.297963	0.493121	0.975655
-3.50297	-0.92926	-1.05295	-5.03734	-2.40013	0.071283	-3.38176	-1.87571	0.910873	0.761501	1.02929	-1.57127	-0.981147	0.020542	0.560595
-3.16892	-0.26259	-0.18539	-4.84593	-2.30622	-1.27406	-2.08565	-1.53114	0.850686	0.164124	0.72866	1.2175	-0.213708	2.22374	0.497537
-1.59049	-1.27317	-0.21548	-1.99261	-1.73543	-2.09798	-0.68263	-3.10128	1.50301	-1.11761	3.68558	2.04036	0.032672	1.47994	0.953167
-1.66281	-1.99317	0.00117	-2.63234	0.95513	-0.194664	-1.97829	-1.25704	2.79126	1.53566	2.83378	1.81489	-0.469933	-1.85508	0.205903
-1.10502	-1.50332	-2.24634	-2.78945	-1.8405	0.207907	-2.04417	-1.65734	1.81459	3.20482	0.88941	0.116701	0.933268	0.124743	0.448887
-0.834921	-1.25589	-1.44132	-2.83607	-0.07157	-1.04691	-0.972586	-3.33899	2.89182	1.27185	2.82589	0.012892	2.10035	0.46891	0.496912
-2.54037	-3.00013	-1.19035	-3.98579	-2.71906	0.414005	-0.500141	-2.34944	0.333513	0.79138	3.78633	0.033853	-0.748975	3.20205	1.42864
-1.83741	-2.61186	-1.41451	-3.71468	-2.06635	-2.39319	-0.847116	-2.45033	0.737438	-0.474438	1.52294	0.888391	0.081563	-0.234055	2.05349
-2.64895	-2.20152	-1.71662	-4.64563	-0.847218	-0.721209	-0.459332	-0.732323	2.84158	0.553414	2.74877	-0.45495	-0.5906	-0.278518	0.894687
-2.12864	-1.69397	-1.27157	-3.78631	-0.665351	-0.218763	-2.64741	-1.23083	0.689012	1.0929	2.1879	0.435355	-0.19703	1.15367	1.461
-1.60771	-2.59668	-0.03309	-2.01317	-0.866969	0.239426	-0.899618	-0.821769	-2.08069	0.596899	3.00182	1.05946	1.33331	1.61999	2.24613
-1.73874	-2.38989	-0.38252	-4.45468	-2.00183	-0.264571	-1.17366	-0.508337	-0.27458	3.87945	2.30126	0.65974	-0.40104	1.34723	0.04337
-2.80815	-0.84802	-2.44537	-6.01302	-0.692085	-1.33342	-2.84434	-1.249	2.1054	0.393293	0.82035	1.71416	0.783656	1.92809	0.538813
-1.72796	-1.57198	0.3971	-3.57315	-3.0044	0.505793	0.427071	-1.50359	0.727221	0.77838	3.94287	1.05732	0.06706	2.70579	1.7966
-1.91614	-1.365	-2.1802	-4.62048	-0.235557	0.672109	-1.63029	-0.643601	1.14246	-0.121058	3.32018	1.33178	2.51592	2.27716	-0.05798
-0.00488	-0.17407	-2.4846	-2.37021	1.07525	0.884307	-1.37872	-1.34667	0.806175	1.48016	4.17986	0.894658	0.740404	1.57082	2.32889
-0.495199	-3.37236	-2.44897	-3.45762	-0.805779	0.867307	-0.198848	-0.861789	2.64665	0.687448	3.00862	2.44983	2.98591	1.1629	-0.46722
-0.373858	-2.30668	-2.53818	-3.40066	-2.87747	-0.894231	-0.251524	0.659159	0.598707	2.40616	3.38829	0.17746	-0.60606	0.168016	1.41195
-2.15918	-1.61894	-1.48801	-3.66943	-1.0049	0.737775	-0.26668	-0.117895	0.678807	0.807145	2.74087	1.85374	2.06591	0.204695	1.82456
-0.439684	-2.19152	-0.395972	-4.82447	-0.835015	1.22453	-0.139609	-0.042244	2.66546	0.805244	5.14745	2.19969	1.28347	1.98327	2.95965
-2.3705	-0.853606	-2.16198	-4.02379	0.0808306	2.06102	-0.504459	0.936394	2.92047	0.182024	2.91216	1.65918	2.75349	1.40067	2.12674
-1.50852	-1.89813	-0.89419	-3.92799	-1.06832	-1.48904	0.39867	-0.546167	-0.11647	0.248502	3.44807	2.18445	3.4849	0.641154	0.769563
-1.64786	-0.744311	-2.62033	-4.53427	-0.474213	-0.222107	-0.535459	-0.48355	1.02039	0.072816	4.65031	0.819248	2.65994	1.06926	2.59317
-1.12655	-0.865566	-0.748323	-2.1423	0.421442	0.0317775	0.212188	-1.9704	2.05415	-0.073297	4.00567	0.683035	2.29382	1.25219	0.2285
0.425342	-0.863785	-1.49509	-2.77853	-0.730203	-1.96932	-0.508559	-0.647992	2.68896	0.406547	4.31705	0.24405	2.8626	-0.09022	2.44432
-0.630049	-1.00982	-0.411091	-2.85644	1.98997	-1.08255	2.58776	-0.566969	1.95077	1.11978	3.05732	2.47785	3.1888	1.08972	1.76828
-2.27503	-2.5179	-1.12886	-3.08688	0.540837	-2.25722	0.248124	-0.907143	1.23911	2.74499	3.2328	-0.55808	1.16088	1.07582	2.21792
-1.07629	-1.65814	0.587643	-4.94703	0.556129	0.673283	0.943375	0.618867	2.00625	0.666008	2.57225	3.2969	2.32756	1.80285	2.81583
-1.25868	-2.40492	-1.86365	-1.25916	-0.594643	0.528075	1.4543	-0.195786	1.21285	0.80479	2.617	2.03091	2.66318	2.09888	2.37905
-0.002722	-0.635577	-1.29929	-3.01085	2.89183	-0.342294	0.27978	0.716881	1.05738	1.08202	6.92255	0.19899	-0.30812	2.08304	2.82756
-2.13294	-3.26849	-0.631392	-1.78527	0.004307	0.497507	1.81877	-1.4402	0.888571	1.16946	4.61551	1.22925	2.11789	0.673111	1.0802
-0.998818	-0.185307	-0.648025	-2.94572	0.748838	0.303565	1.15371	1.57232	-0.13088	1.66423	3.92513	1.36452	0.73538	3.08456	5.02216
-0.320353	-1.32252	-0.145827	-1.45759	0.644827	0.661765	3.04537	0.40718	0.66338	1.21991	4.92654	1.3744	2.51889	0.62212	2.21724
-2.00745	0.141649	-0.234246	-0.61118	2.16215	0.189491	2.03754	-0.256741	1.66691	1.87686	3.33529	1.70069	2.72053	-0.10742	2.81716
0.724085	-1.53385	0.611818	-0.65043	0.574389	-1.19981	1.49846	0.824147	2.45299	2.52065	4.13497	1.90577	2.24329	1.40426	0.10996
-1.09967	-1.25267	1.65604	-3.33716	0.953345	1.29739	1.84484	1.075	1.75558	1.77852	1.55555	0.35074	3.27147	2.72197	1.14767
-0.693875	-0.278479	1.69135	-0.25736	1.67867	-0.820093	0.90182	0.995411	3.81259	0.941957	3.48126	0.57019	3.93732	3.44695	3.5285
-1.48503	-0.29636	0.682263	-1.6144	0.926158	0.719767	2.03861	-1.03444	0.298475	0.974095	4.36029	2.89135	3.30939	2.13704	3.16411
0.183279	-1.32194	0.196352	-0.96331	2.87578	0.127853	3.57421	1.4174	3.16361	0.06972	4.92668	1.86606	4.36745	4.88732	2.60496
1.56489	-0.75902	0.668007	-2.00193	1.20554	0.94104	2.19002	0.78643	1.36563	-0.783704	1.96048	0.18781	1.89562	0.68256	0.12028
-2.27997	0.093065	0.012749	-0.636462	3.07373	-0.30428	3.49746	0.753106	0.21639	0.027893	4.47072	2.58395	2.08346	2.60462	2.99101
1.20023	0.447235	-1.09618	-1.70097	2.11664	0.63622	2.57838	2.53401	-2.2209	0.919593	3.62365	1.38684	2.05399	1.67069	2.67732
0.799666	-0.482837	0.463949	-1.04036	-1.2558	2.81991	2.74394	2.74052	0.987823	1.63673	4.13405	1.00214	2.34661	2.50347	2.72799
0.778507	-1.02779	-0.0509535	-1.13138	1.74779	0.768332	1.55397	2.69608	-0.86306	0.757371	4.35863	1.93666	4.55858	2.65911	4.07545
0.621946	-1.7981	-0.978137	-0.987443	1.59693	0.492696	1.44732	1.29104	1.13447	2.54298	3.7528	2.03736	3.82279	2.11851	3.1895
0.46777	0.225192	0.968807	0.166378	0.996329	0.444818	3.39211	1.01995	0.988782	0.916092	4.02257	1.53695	2.22928	1.82268	3.73567
2.50195	1.33183	0.607813	1.62989	1.64267	-1.31456	4.2609	0.974971	0.552497	0.102977	4.37788	2.13021	1.67227	0.96631	1.20657
0.647342	0.939516	-0.108547	-1.65395	2.82678	-1.20428	1.05012	1.82449	1.36301	1.54568	4.84797	0.36936	1.68675	1.48397	3.18112
0.405258	1.26449	-1.09111	-0.395476	0.930797	0.362029	2.65772	1.73344	0.199094	2.28977	3.55873	2.42481	1.62561	1.44997	3.79552
1.90004	-0.5134	0.56213	1.08974	-0.05213	1.79381	1.98183	0.42492	1.3191	0.677298	4.83199	1.09092	2.32363	2.01945	2.65353
-0.008584	-0.243798	0.218933	1.62277	0.934849	0.708645	3.52524	2.19649	1.6978	0.273315	4.06546	1.71497	2.62591	3.37882	4.13001
-0.599072	0.084767	0.100109	0.606972	2.52737	-0.879562	2.16288	2.97562	1.62321	0.631882	4.61615	0.946986	1.38028	3.15633	2.28942
0.800044	0.812086	0.979206	-0.929406	3.48523	0.241174	3.18766	1.55607	0.10407	1.65155	5.98588	1.17246	1.75008	2.32813	1.63198
0.303056	1.05056	1.65487	1.00961	2.48113	2.8065	3.57726	0.872482	1.0929	0.991868	4.11416	2.20498	1.63356	0.74303	3.1244
-0.2985	-0.397156	-2.40699	1.8258	0.48203	1.45993	4.11588	2.46303	1.28964	1.90345	4.70506	1.86383	2.49314	1.68965	3.48804
0.784278	-0.16019	-0.018917	1.74279	2.89911	2.21549	1.85121	2.42208	1.05916	3.26462	2.88266	2.31321	2.07879	1.56421	3.68237
2.4874	1.62439	0.228228	0.48451	3.37619	0.875008	1.96009	1.89676	0.1779	0.150329	4.48091	1.264	1.32319	2.22807	2.32487
0.702774	2.01128	1.38425	1.75845	2.23339	-1.13723	2.09954	3.03947	-0.69273	1.53153	5.21659	3.33322	2.89938	2.45185	1.14843
1.08548	0.882698	-0.622045	1.53915	0.6404	0.137196	1.58109	1.91151	0.495613	1.83619	3.16262	0.5248	-0.36854	2.50701	3.08314
1.6431	1.11424	2.2385	2.5825	2.82112	1.86732	0.32172	1.54232	-0.24934	2.46442	4.12836	1.87365	1.91226	3.03563	4.56938
3.02411	1.11341	1.81998	2.14686	5.06932	0.761222	1.82405	0.67984	2.83054	1.09307	2.2601	2.03842	3.13484	1.92236	1.26806
0.09242	1.50031	0.318675	2.53704	2.59196	-0.306812	1.30821	3.12477	-0.530366	-0.345105	4.1157	2.37437	4.54236	2.52534	4.47136
0.931333	-0.01102	0.569402	1.12298	3.64355	1.57505	3.0147	1.93023	1.77721	0.154036	5.20168	1.64774	1.36043	0.71487	3.40805
1.15708	3.27239	-1.68274	4.56931	2.07092	2.08994	1.86327	1.32229	0.787829	1.19322	2.39863	1.72009	1.86487	3.77007	3.27041
2.28843	1.66417	0.413607	1.53627	3.10584	1.84651	1.467	2.66491	1.47666	1.6166	4.95557	2.89786	1.98048	2.06645	3.37744
1.88724	2.66641	-0.07568	3.5977	2.99504	1.28101	2.26001	2.59974	1.86853	0.122688	3.14744	2.87497	3.91217	1.13631	3.08645
2.64273	1.22595	1.69897	2.4873	-0.00694	2.61716	4.11658	2.07688	-1.09198	0.532569	4.21025	3.62341	1.54324	3.18785	4.30248
1.6024	3.18875	1.48435	2.21791	1.6585	1.54561	2.60717	2.13595	0.193501	1.96683	3.6633	3.26573	1.13249	1.79543	3.01137
0.895448	0.49127	0.890258	3.31029	2.07454	1.62264	1.27466	2.65824	0.690072	1.6042	4.25458	2.05293	3.16233	1.16097	3.35174
-0.56091	0.58335	1.66651	4.00826	3.08816	0.017224	2.05729	0.63849	1.9453	2.23924	3.81711	2.26783	1.10232	2.06567	3.11905
2.16064	1.53937	2.66377	4.25008	0.389857	0.815505	0.4067	2.5327	1.85078	0.345354	4.01395	1.23982	1.96688	1.52183	1.59757
0.18319	2.21242	0.620746	3.32063	2.11008	2.41885	1.79204	0.976562	1.08634	-0.865411	4.12815	4.00224	1.7124	2.39677	2.43123
3.45113	2.57424	1.10014	3.31783	1.65901	-0.215955	1.74301	3.37317	0.38115	-1.2851	1.75593	1.08581	2.26805	2.20736	1.30367
0.859471	2.0752	-0.60283	3.9832	0.466047	0.497974	0.660879	2.49719	0.345195	0.528423	4.41512	0.526881	3.14533	2.49028	2.21136
3.07409	1.65988	2.35144	2.21953	-0.353925	0.987837	1.96779	1.40896	1.00627	0.01562	4.52213	1.50802	1.54328	3.24124	3.94468
2.14963	3.04352	0.35047	3.63247	1.28367	0.006622	1.46748	0.932269	2.0855	0.150446	2.51034	1.54481	1.50058	2.22744	5.71259
2.03655	3.40608	1.59985	4.96676	-0.817545	2.29526	0.591407	0.651729	0.387296	0.380955	2.47188	0.58758	2.63582	0.969392	3.41197
3.2634	2.35004	2.58029	3.98071	0.082062	-1.64808	1.45134	2.19673	1.30068	-0.05923	2.96983	0.87975	1.63888	1.64634	3.00478
1.95195	0.18552	0.695803	2.89922	-0.370104	0.361417	1.52696	-1.06421	-0.062006	-1.00118	4.88118	1.92432	2.44564	2.14665	3.75647
1.77477	2.11787	2.03439	3.84797	0.326745	0.118323	-0.31733	0.502789	0.296701	-0.41965	0.68333	0.878068	3.32554	1.84145	3.08229
1.73038	2.85943	4.35777	3.59514	2.14322	0.894957	0.703321	1.42296	-0.889411	-0.223872	1.22893	1.9362	3.82545	2.02151	2.32402
2.07386	2.2754	1.41098	2.89818	-0.99755	-0.542657	-0.868202	1.73943	-0.840557	0.570068	2.81747	-0.72595	-0.17969	2.289	2.24652
2.64703	1.18059	-0.00171	5.16308	-0.00348	-0.099072	-0.996868	0.757355	-0.217336	-1.55484	4.59157	0.778857	2.29631	1.96125	0.81263
3.67053	2.99413	1.25179	4.77457	0.161432	0.03363	-1.47418	1.75009	0.130792	0.761003	2.45874	0.566546	3.20646	0.03104	1.88553
0.901277	2.34465	3.08446	4.07834	-1.11531	-0.770211	-1.31788	1.3031	-1.39678	0.826422	3.00419	2.03971	0.09854	3.06241	2.4487
1.90806	0.56672	1.80838	3.08329	0.69802	-0.952764	-0.804728	-0.876984	0.509062	-0.092281	2.20703	1.34968	2.39326	3.57733	1.74484
2.19268	1.072	2.0223	4.39841	0.71169	-0.745533	-0.861971	1.93605	-0.002222	-1.41904	0.49089	1.20985	3.56223	1.16386	1.58803
2.58752	0.07582	1.44608	4.87891	0.966248	-0.137989	-1.30479	0.382417	-0.276812	-0.006409	3.03111	1.55594	1.60459	2.40625	3.01349
1.53514	3.43561	1.32993	4.92391	-0.000158	-0.943742	-0.375321	3.23114	0.943683	0.569974	1.70972	-0.02389	2.28302	2.39649	1.83393
-0.36082	1.69035	1.57588	3.88233	0.351216	-0.347433	-1.32305	1.37629	1.47285	-0.78516	2.75768	1.60831	2.93148	0.744011	5.35907
1.3679	1.13551	0.480172	3.45841	0.099589	0.373925	-1.63819	-0.011584	0.149241	-1.19258	3.58088	0.787382	1.26094	1.9549	1.6541
-0.29994	1.38686	0.442177	5.86783	-0.837827	-1.00513	-0.511356	1.12412	1.11078	0.146483	-0.41852	2.59079	0.84864	1.45574	2.13175
0.504422	2.60751	1.9637	5.96781	-1.09069	-0.828967	-0.975946	0.6733	-2.15367	0.818478	2.09294	1.48269	1.00965	0.343999	0.73069
1.1133	2.208	0.769177	3.10863	1.81886	-0.83171	-2.22913	1.60515	0.939809	1.17786	2.20569	-0.218689	0.84475	2.31771	1.92675
-0.04865	3.36546	3.02798	4.27067	-1.07835	1.12401	-0.51296	0.768009	-0.217416	-1.74137	0.717007	1.86738	-0.34753	1.42152	2.54856
1.14952	2.30103	1.71523	1.95059	-0.453383	-1.89417	-2.50193	-1.47951	0.961591	1.14764	1.81394	-0.257659	1.84191	1.53241	3.69311
-0.59317	0.2302	0.634557	3.53968	0.369767	-0.675561	-2.90269	-0.44444	-0.0294366	-0.208869	1.11282	0.986002	0.77404	1.26571	2.08675
2.2493	2.08413	1.23616	3.87297	-0.334915	0.644528	-0.18443	-1.4853	-0.242662	0.0372765	1.36538	0.008788	2.36169	2.79246	1.13026
0.563597	2.7602	2.81869	3.75377	-3.22613	0.224425	-1.16241	-0.66997	1.58255	0.146206	1.76117	0.650997	1.76291	-0.46132	1.6878
1.0437	0.750281	0.307952	4.29511	-0.542718	1.7012	0.05315	-1.92068	0.446538	1.14309	2.28531	1.3768	2.30189	-0.27494	2.27673
-1.62894	0.810535	0.01569	4.36652	-2.17296	0.331009	-2.78718	-0.343655	1.38125	-0.823229	1.95656	0.396177	0.663069	0.211566	-0.16049
3.42114	2.81591	1.50422	2.93349	0.09494	-1.52241	-2.80824	0.01245	-1.50917	0.171119	-0.077657	-0.687355	0.964769	4.26927	0.777647
1.20257	2.47268	1.40578	1.25474	-2.22483	1.09292	-1.64159	0.35106	-2.17129	-0.440634	3.2947	0.015228	2.33716	-0.091316	-1.35397
1.78957	2.12476	1.34427	3.974	-2.84697	-0.518841	-3.81047	-0.938848	-1.6502	-0.872073	1.30255	-0.558448	-0.03564	1.05545	3.07708
2.83867	1.63182	1.16587	2.06927	-2.68769	0.087478	-1.35666	-1.27515	-1.43441	1.65386	0.068369	0.02707	1.63531	0.927852	-0.55348
0.258708	2.23691	0.771125	3.02216	-2.86852	-0.748103	-2.75402	-0.988529	-0.163588	0.153206	0.406825	-0.679879	1.65551	1.4617	0.02283
-1.05451	2.54621	1.45507	1.09992	-0.799037	-1.3409	-1.9587	-1.64965	-0.776149	0.29544	1.04623	0.884165	2.39236	-0.348648	1.97403
-1.01424	0.222684	-0.805144	2.03029	-2.51407	-0.371593	-2.32341	-1.05348	-0.630222	2.01105	0.366179	-0.185884	0.586701	-0.292273	1.06636
1.01358	1.1118	-0.292667	2.15147	-1.29617	-2.52555	-1.85308	-0.372541	-1.44062	0.319075	0.75131	-0.388129	-0.477261	1.72707	0.956165
-1.84366	-0.214404	0.921801	1.64957	-1.97595	-2.0854	-4.07634	-0.24879	0.479838	1.52013	0.205941	0.0843477	0.791078	0.123865	0.651255
3.24233	-0.883685	-0.055852	1.04438	-0.827943	-1.39489	-2.70005	-1.60099	0.345528	-1.04739	1.56158	0.818234	-0.591613	0.691763	0.526067
-0.013417	1.74896	0.286389	1.73134	-1.2729	-1.94067	-3.3441	-0.514952	-3.50291	0.791829	-1.245	0.0173775	-0.899427	1.02561	0.733777
0.854927	-0.087886	-0.384243	0.425013	-1.09388	-0.557292	-2.23218	-2.05811	-0.444721	0.472226	-1.92919	-1.19494	0.540115	0.292853	0.273657
0.0836616	0.451543	1.90018	1.61704	-2.42773	0.034679	-2.07428	-1.69685	-0.487557	-1.49257	1.06588	-2.14684	-0.62614	0.102544	2.37438
0.021369	1.39182	1.30975	0.538314	-0.55869	-1.46846	-3.09343	-0.53654	-0.28148	-0.614512	-1.62755	-1.0471	-0.13668	-1.62447	1.31873
0.35846	-0.046818	2.42474	1.19832	-1.91765	-0.516697	-1.90854	-2.36917	0.150964	0.919678	-1.98563	-0.511072	0.42637	-0.874193	-0.958571
0.60505	-1.06015	-2.18478	0.889724	-2.05396	0.119932	-1.95151	-2.42058	-1.32177	-0.232373	0.775306	-0.661003	-0.846011	-0.286394	-0.761521
-0.235131	-0.593279	-0.013276	1.51335	-1.29222	-0.046958	-4.57882	-0.15123	-0.494505	-1.58653	-0.633462	-0.551166	-0.276519	0.228875	-1.29194
-0.987878	0.149363	-0.860035	1.25531	-1.56612	-1.35327	-2.82955	-2.78749	-2.02298	-1.58354	-0.681298	-1.81043	0.209772	0.494864	0.045298
-0.30594	-0.081005	0.184757	0.172471	-2.21238	-1.74767	-3.27802	-2.47081	-0.866886	-0.053603	-0.842857	-0.722763	0.857068	0.401477	-0.524427
-0.656144	-1.76357	-1.33343	-0.058635	-2.4724	0.048633	-1.50499	-1.70307	-2.52908	-2.32657	-1.34014	-0.339226	-1.38208	-0.314664	1.51673
-0.696323	0.409617	-0.173919	-0.827732	-2.93979	-1.16675	-2.32071	-1.56779	-0.212423	-1.48676	-2.18227	-0.580507	-0.189028	-1.24687	-0.79561
-1.51496	1.29204	-0.135859	0.507599	-2.71173	-0.382294	-1.71203	-1.26107	-0.116143	-1.21055	-1.1675	0.974673	-0.768991	-2.29917	0.556905
-0.87211	-0.813753	-0.946831	1.89462	-1.61366	-0.50857	-1.75704	-3.75086	-0.93957	-0.010269	-1.78958	-0.108306	1.26531	-1.32264	-0.986367
-1.68238	-2.56554	-0.043362	-0.073144	-1.46243	-1.78103	-4.4566	-1.59464	-2.42265	0.340878	-2.07902	-0.886543	-1.84541	0.09058	-0.264479
-1.21781	-3.29174	0.371318	-2.73385	-2.11757	-2.80215	-3.75776	0.36376	-1.55486	-0.695828	-2.18585	-2.1823	-1.30059	0.377115	-1.63004
-1.06646	-1.73825	-0.659408	-0.451887	-0.79502	0.996862	-2.17751	-1.1007	0.053979	-1.77599	-2.11946	-0.787973	0.41242	-0.026369	-1.17451
-1.40986	-0.913373	0.375704	-3.27624	-2.12041	-2.21995	-2.61023	-1.85359	-1.9159	-1.74508	-1.32304	0.24804	-0.372212	-1.92472	0.152901
-3.36309	0.066061	-2.65652	-1.59114	-1.93668	-0.490435	-1.73255	-2.19354	-1.60011	1.50636	-3.7743	-1.26793	-1.92524	-0.300341	-1.21266
-1.53204	0.240956	-0.216464	0.98664	-4.01288	-0.336622	-1.30422	-1.27498	-0.960778	-2.12871	-2.04988	-1.45353	-2.11639	-1.32266	0.359178
-1.46245	2.10706	-2.6922	-1.0314	-1.91806	-0.340543	-1.56476	-1.92864	-0.600178	-1.82036	-0.85163	-0.90142	-2.97611	-1.72326	-0.887355
-1.03356	-0.221112	-0.152151	0.23876	-1.46592	-0.053159	-2.17824	-0.902951	-0.422059	-1.15084	-3.49529	-0.659222	-1.21172	-2.20275	0.310613
-0.662854	-0.945579	-0.046049	-2.41179	-2.73157	-2.15522	-2.75697	-1.59605	0.26233	-0.283153	-3.00981	-1.54375	-1.81316	-1.14718	-0.905541
-0.744144	-4.02907	-1.48952	-3.58934	-0.866747	-1.25174	-0.99919	-1.58371	-0.871316	0.327165	-1.89304	-0.3536	-1.66526	0.103757	0.542908
-0.820252	-1.33341	-0.345339	-2.79723	-1.88477	0.516007	-1.20063	-1.7033	-1.5093	-1.55135	-2.24779	-0.582966	-2.70388	-0.687756	-1.89537
-1.24213	-0.563372	-0.963576	-5.60056	-0.56307	0.653557	-1.38612	-2.89315	-1.11595	-0.63467	-2.74424	-2.45115	-1.80204	0.393449	-0.722253
-1.13694	-0.500975	-2.5482	-2.24763	-2.0368	1.36228	-0.801584	-2.66752	-2.03119	-0.920148	-2.30614	-0.463557	-0.411506	-2.29551	-1.27396
-3.86529	-0.996206	0.0461	-3.62972	-0.933158	0.800389	0.11764	-0.769227	-2.59682	-2.15122	-3.04705	-1.55764	-2.25631	-2.51017	-0.897559
-3.04989	-3.25856	-1.2108	-2.00129	-1.98923	0.499377	-2.5273	-2.09454	-1.72016	-2.91162	-2.18209	-0.09882	-0.25521	-0.914286	0.14186
-2.64664	0.47393	0.21244	-2.7658	0.095555	-0.751037	-0.054379	-1.13124	-2.14812	-0.829885	-3.70645	-0.529133	-2.26249	-2.06732	0.43901
-2.75093	-1.36254	-1.20911	-2.1436	0.798209	-1.02519	-0.750973	0.00946	-1.25678	-0.50732	-4.11204	-1.68587	-2.3612	-0.169481	-1.02413
-1.57058	-3.24514	-1.45679	-1.92467	-0.874779	-0.548182	-0.685816	-1.25227	-0.344009	-1.63591	-3.10499	-1.65874	-1.4658	-0.329081	-1.7497
-3.46021	-1.02479	-2.42499	-1.51451	-1.05136	-0.666195	-0.660187	-1.03225	-0.917397	-0.447785	-3.86371	0.22748	-1.87589	-0.944724	-0.45236
-2.55731	-0.40867	-0.05482	-4.18807	-0.402942	-0.214826	0.334416	-0.11755	-1.96589	-2.30469	-2.69708	-1.51902	-1.6264	-2.5616	-1.52939
-1.00436	-2.91396	-0.645872	-3.73547	1.55648	-1.2529	-1.89461	-2.074	-0.954805	-2.00258	-3.88939	-0.863762	-1.18065	-0.757495	-0.71043
-0.984196	-3.0401	-0.436015	-4.2457	1.57484	-1.55391	0.867575	-0.647308	-1.11123	-1.05773	-3.37619	-2.87868	-1.05824	-1.06933	-1.37861
-2.88237	-2.48399	-1.72896	-2.97599	-1.28326	0.074266	1.65376	-1.31496	-0.800048	-1.46477	-2.78613	0.54285	-2.03302	-0.826876	-0.13666
-2.20769	-1.0971	-2.66999	-3.02778	-2.23705	0.19316	-0.514386	-1.09446	-2.9239	0.25749	-3.00492	-0.671301	-0.20247	-0.27831	-0.02005
-1.33891	-0.85389	-1.01456	-1.02571	-0.767588	1.15878	0.327614	-2.84517	-0.938126	-0.641135	-3.20602	-2.84116	-2.00505	-2.57984	-3.26857
-1.94359	-1.82688	-1.54366	-2.37625	-0.0623818	0.1141	1.18786	-1.50347	-1.14301	-0.146487	-2.01682	-0.710206	-1.92405	-1.08835	-2.72421
-2.01166	-3.38732	-0.818162	-2.33947	-0.879257	0.158604	1.66812	0.769174	-0.626552	-0.931599	-3.2659	-1.69909	-2.07527	-1.87837	-2.56893
-0.974054	-2.06303	-1.11561	-3.68609	0.388643	2.53826	0.411202	-0.748018	-0.504766	-0.463364	-0.80654	-1.29216	-2.6659	-1.12205	-1.07753
-3.18195	-1.30128	-2.02438	-3.97834	1.45894	1.28595	1.23384	-0.149092	-0.948193	-0.668942	-3.6656	-0.967507	-1.9511	-1.79914	-1.51581
-1.05533	-2.77005	-0.631394	-4.23414	-0.017816	0.0975333	2.02494	-1.07445	-1.503	-1.32373	-3.89524	-1.49146	-1.02969	-2.69052	-0.69976
-2.66976	-4.09152	-1.32431	-1.64638	1.5449	-0.400303	1.01062	-0.331612	-0.831819	-0.942469	-6.73054	-1.11434	-1.33349	-2.95891	-0.87097
-0.73565	-0.71619	-2.29164	-4.24389	-0.480599	1.30832	-0.77039	-0.682004	-2.06481	-0.660232	-3.9602	-1.95267	-0.91856	-0.53154	-1.56186
-1.01612	-1.58056	-2.30219	-3.94156	2.70869	1.7494	0.526515	0.726908	-0.899365	-0.057345	-4.01595	-1.86027	-1.38851	-0.82144	-2.10724
-3.23275	-2.47683	-0.798147	-3.70088	-0.127568	-1.18332	0.331868	0.360466	-1.3056	-0.678742	-3.23998	-2.31837	-1.92214	-0.34944	-1.18151
-2.52848	-3.74515	-1.62272	-4.8884	0.36207	1.25588	1.69044	-1.42806	-1.07963	-1.57344	-4.97462	-2.66553	-1.65042	-0.941192	-1.85396
-0.13868	-0.74492	0.11141	-2.72647	0.764628	0.356231	-0.1475	0.29662	-2.16289	-0.093985	-4.18334	0.16476	-1.01961	-0.57687	-3.69436
-2.59659	-1.37548	-2.66789	-2.8742	1.48092	0.364857	2.55467	-1.17259	-1.33552	0.521073	-3.88902	-1.389	-2.08229	-2.29045	-4.52949
-2.92807	-3.10773	-0.745911	-2.83668	1.91149	-0.32941	1.49863	-0.554025	-2.22722	-0.641	-3.92332	-1.25199	-1.59546	-2.5539	-3.7235
-0.3486	-1.57696	-2.30478	-2.08341	1.03082	0.103727	1.84281	0.717703	-2.26248	-0.799075	-5.30136	-2.50576	-1.31523	-0.922779	-2.65614
-3.38557	-2.78531	-1.9528	-3.09708	0.887808	1.43482	0.86063	1.18704	-0.347852	-1.58892	-4.76454	-0.854307	-1.33739	-3.69001	-1.81765
0.20093	-1.66943	0.02409	-3.26034	0.653266	0.243991	3.61825	-0.415149	-0.945246	-1.37854	-5.71539	-1.89702	-2.71431	-1.68483	-2.69567
-1.63441	-1.53007	-1.26448	-2.79067	0.774994	1.67277	2.35439	0.207262	-1.72632	-1.93538	-3.45396	-2.58576	-3.22414	-1.5573	-4.50404
-1.92369	-2.79767	-1.87572	-4.09258	1.9657	-1.53462	1.59025	0.987662	-2.35615	-0.609484	-4.68248	-0.980633	-1.84477	-2.33298	-4.35123
-1.90821	-1.97314	-0.822978	-3.23021	2.05364	2.12271	2.20036	0.056784	-1.09315	-3.14902	-4.6628	-1.7959	-1.90927	-2.77333	-4.09915
0.27702	-2.28933	-1.68584	-3.18414	0.1452	-0.288292	2.4442	1.60861	0.41878	-1.15463	-5.45402	-0.6652	-2.14642	-0.51214	-3.05108
-0.819492	-0.49059	-1.45277	-2.82122	1.8675	0.799384	2.18339	-0.470051	-0.00608	-1.1658	-5.20552	-0.39868	-3.81197	-1.30212	-1.93953
-1.13103	-1.84865	-1.04109	-3.14472	3.07907	-0.890226	1.17234	0.899175	-0.11628	-2.32834	-4.37573	-3.05643	-2.15293	-2.31032	-5.0537
-1.8779	-1.53933	-1.31032	-4.75524	1.66151	1.109	1.89023	1.56762	-1.52761	-0.515694	-4.46783	-0.04353	-1.90961	-0.69708	-3.24044
-0.62196	-1.35188	-3.47084	-4.92976	0.35057	-1.24499	3.87923	-0.66462	-2.86839	0.874506	-6.36651	-0.50735	-2.41214	-2.99847	-4.19187
-0.98099	-2.74041	-1.50192	-1.85696	2.38745	0.857109	2.27687	1.26749	0.51639	-1.43226	-4.73804	-0.18917	-3.17764	-1.8523	-3.78506
-1.54177	-1.98622	-1.54364	-1.77559	0.659763	0.619332	-0.28705	1.58221	-0.368858	-2.15607	-4.43289	-1.34039	-0.73682	-3.59522	-3.39375
-1.15173	-0.364712	-0.354043	-2.66646	0.50213	0.913616	4.0022	1.56072	-1.37399	-0.116698	-3.06907	-2.06568	-2.73653	-1.82815	-3.29047
-0.198278	-2.24709	-1.68713	-2.66787	1.40567	2.60194	1.71894	0.784772	-0.965599	-0.983049	-4.38787	-1.22062	-2.16721	-1.58335	-3.1663
-0.438599	-0.13239	-1.37115	-4.55458	1.57614	1.88743	1.74274	3.35566	-2.91081	-1.58137	-5.01083	-2.57185	-2.08176	-3.24233	-2.42274
-0.938926	-1.13224	-1.96136	-2.66801	2.09487	0.856756	4.47904	1.312	-2.62174	-1.1818	-3.15287	-0.889987	-4.35903	-2.20493	-2.96767
-1.24009	-2.43215	0.995048	-3.64733	4.61126	1.14412	0.69743	0.745288	-0.928771	-2.63944	-6.25203	-2.46939	-1.29898	-2.56768	-3.13686
0.011278	-1.16486	-1.58419	-1.6951	2.20872	1.44231	3.5347	2.06294	0.2065	-1.37633	-4.62066	-1.16106	-3.6215	-2.27388	-4.12224
1.19036	-1.26687	0.010021	-0.6189	2.43942	1.88563	2.25288	1.59931	-2.34139	0.057667	-4.99629	-0.22149	-2.44741	-2.67941	-3.94524
-0.353537	0.850736	-0.884403	-3.46217	2.19282	-0.501399	3.52749	3.46724	0.45768	-0.450829	-2.97816	-2.45143	-3.35502	-1.76021	-3.63807
-0.314085	-1.80706	0.202843	-1.70089	1.12046	2.25633	2.8304	1.56116	-0.63046	-0.158256	-5.82994	-1.62163	-2.19467	-2.34692	-1.8727
0.920131	-1.32408	-0.845436	-2.87123	2.18324	1.34457	2.71987	1.90329	-1.20867	0.064077	-4.75318	-2.99147	-1.551	-1.93446	-2.94113
-1.00732	-1.79377	-1.06013	-1.71452	2.27015	-0.063643	2.37061	0.934383	-2.52965	-0.031057	-2.97734	-1.87465	-2.00298	-3.22243	-4.13077
1.45871	-2.36932	-0.769667	-2.87956	2.61309	1.25762	3.11276	1.75127	-0.065136	-0.522176	-4.30882	-0.28057	-1.7378	-0.5255	-4.6965
1.74531	0.298614	-1.15027	-1.72407	2.41963	1.39137	1.36425	2.73108	0.061714	-0.925992	-4.42684	-1.78103	-1.13762	-1.5532	-1.79533
-0.271486	2.34982	1.74041	-1.29876	0.05705	1.07509	3.97846	2.2019	-1.91785	-0.675611	-2.5675	-1.72599	-2.93916	-2.24044	-4.89259
-1.35807	-0.895617	-0.724162	-2.19183	1.65309	-1.44809	3.6694	0.00195	-1.61255	-1.36814	-2.10775	-0.0893	-2.26855	-1.3092	-3.43794
0.068318	0.793874	0.000883	-0.392091	0.03029	1.61674	3.16146	2.52565	-0.141461	-1.00706	-4.70999	-1.58152	-2.04745	-2.15388	-3.55471
1.55771	1.37039	0.569037	-2.23764	3.204	-0.160452	3.12565	1.36461	-2.36588	-0.668081	-4.20317	-2.72531	-2.05944	-2.1633	-1.86404
-0.697174	-0.422642	-1.01238	0.007173	1.79517	1.28765	3.06634	1.9694	-0.492904	0.561157	-4.36492	-1.69598	-0.85225	-3.12266	-4.97695
0.779731	0.295631	0.152186	1.53782	1.63486	2.05884	1.42321	1.99194	-0.512662	-1.29807	-3.49118	-2.9195	-1.01134	-3.27355	-2.53795
0.512292	-0.096184	-0.0573821	-0.175088	0.924866	0.73938	1.83823	2.94882	-1.36592	-3.24673	-3.81969	-0.48609	-0.56784	-1.67484	-3.64116
0.769749	0.327082	-0.549776	1.6756	2.55104	0.81121	3.30593	2.60422	-0.56604	-1.6825	-3.50509	-2.78728	-2.95959	-1.03775	-2.39063
0.308715	-0.604133	-0.203289	0.0359554	2.26634	0.400204	2.29887	1.8124	-1.28309	-0.220271	-2.02202	-2.76555	-1.83887	-1.30365	-2.91147
0.763636	0.639804	-1.6624	-1.17041	1.53324	-0.876976	2.33239	2.58681	0.211201	-0.862892	-2.67524	-0.42948	-3.33061	-2.6357	-1.13707
0.5834	-0.243292	-1.11546	1.14687	0.759504	-0.758759	1.73801	1.95536	-0.21401	1.08433	-4.77305	-0.815002	-2.7489	-0.8139	-3.13975
0.575411	-0.324363	0.497739	0.569777	0.645181	0.756029	1.22723	1.1967	-0.119644	-0.65026	-3.07949	-2.32227	-2.11537	-2.39619	-3.2249
0.390207	1.80627	0.572589	0.610814	1.20006	1.26186	0.01354	1.66587	-0.476671	-1.38592	-5.73054	-2.14249	-5.24499	-2.96388	-1.56839
0.861117	-0.073002	-0.890429	-0.376516	0.838105	-0.394275	0.661644	1.09681	0.238035	0.297387	-3.40667	-0.873889	-1.51863	-1.93296	-4.37125
1.53119	1.67982	1.40125	0.776171	1.28795	-0.684279	1.05353	1.16519	-0.00398	-0.561759	-2.09117	-1.57419	-2.61656	-3.85588	-0.71008
1.34936	1.08674	-0.397954	0.20868	-0.70085	0.480007	-0.21834	2.23077	-1.78412	1.14719	-2.09858	-0.34977	-1.28182	-3.35585	-2.19339
1.36361	0.023633	1.28173	2.38775	-0.167545	0.441602	0.672955	0.29421	-0.815172	0.25379	-3.27793	-0.448426	-1.96495	-1.76875	-2.71033
1.77057	1.60301	-1.41897	0.13434	0.673394	1.53021	0.156607	2.73891	-1.71809	-0.518399	-2.35677	-0.779898	-2.38141	-0.38456	-4.64367
-0.27118	1.2412	0.158312	2.93961	1.02793	0.721268	-0.846169	2.65094	-0.591422	1.27033	-1.89512	-1.31847	-1.07511	-2.08464	-2.79286
0.554281	1.68436	0.143973	1.67169	0.610125	0.291222	1.17054	2.80722	-1.61699	0.268788	-3.38376	-0.03445	-3.68381	-1.44434	-3.30895
0.586095	0.633338	1.05096	2.3032	1.21534	0.80539	-0.701205	0.598578	-0.453614	1.71822	-2.04194	-1.72653	-3.0195	-0.33366	-3.05032
0.823485	0.402956	0.408444	1.8266	0.627919	-0.191508	2.30988	2.43982	-0.338194	-0.933665	-4.32159	0.97667	-2.68023	-1.41918	-2.31726
2.45353	2.05446	1.8584	0.93743	2.01333	-1.37386	1.68376	1.38705	-1.96233	0.852161	-2.17053	-1.51194	-0.888705	-2.5912	-1.85367
1.15279	1.53812	0.463794	0.8337	0.686475	-0.116717	0.172348	0.916077	-1.37077	-0.431185	-2.50254	-3.3537	-1.24726	-1.75708	-2.19773
-0.07504	0.667044	1.12779	2.82517	1.3277	-0.527414	-1.95805	1.33103	-1.72919	-0.120257	-0.8832	-1.69411	0.96666	-1.47499	-3.37119
2.14123	0.593562	-0.00848	1.67932	0.251782	1.0192	-2.45655	0.558017	-0.346373	0.148052	-3.07697	-0.883418	-1.86015	-1.9901	-1.39936
1.71434	0.938917	1.53271	2.47825	-0.30812	-0.861821	0.341662	2.37022	0.727267	-1.19514	-2.47521	0.133239	-0.24495	-1.25838	-3.65957
2.05445	0.33124	2.80567	3.24223	-1.38658	0.41451	-1.15545	2.19212	0.183498	-0.341812	-2.80634	-2.51497	-1.07526	-0.437658	-2.94279
0.951684	0.723037	1.42846	2.60543	-1.27717	0.935585	0.547829	0.407798	0.729352	-1.07527	-2.24626	-1.04054	-2.05006	-2.61986	-1.77743
2.90346	2.032	0.986223	3.65296	-0.624367	0.679965	-0.985467	2.75066	0.829123	-0.525557	-2.30135	0.657932	-1.02717	-1.38539	-2.18547
1.27721	2.79349	1.78512	2.31006	0.421491	0.777047	-0.748806	-0.248506	-1.04575	-0.057714	-1.9971	-2.32014	-0.975943	-2.69827	-2.65081
1.0313	2.31313	2.33547	3.13608	-0.025182	0.0321544	0.328809	-1.10903	-0.526778	0.100165	0.02795	0.780913	-0.4619	0.8901	-1.3335
2.72039	0.978462	1.33477	2.48818	2.03626	0.182755	-2.63532	-0.09987	0.365617	1.41925	-1.90316	-1.70478	-3.02249	-2.75878	-1.23514
1.41128	1.28536	1.35231	3.05003	0.294799	-0.0407654	-1.42479	2.41547	0.115939	-1.01228	-1.78319	-1.43817	-1.94577	-1.38637	-2.13902
2.10479	1.98547	1.62936	3.74322	-0.744745	0.46652	-1.79922	0.359897	-0.273064	-0.308623	-2.90038	-0.492542	-1.59072	-1.38424	-1.75448
1.53766	1.71859	1.96391	1.59574	1.38051	-0.255497	-1.86555	0.835584	-0.74493	-1.06798	0.36797	1.23362	-1.37328	-0.379333	-0.62048
0.945714	1.80659	1.20528	3.50376	-1.77319	0.074551	-1.01012	-0.255906	0.574108	-0.120677	-1.73918	-0.113816	-2.01422	0.12759	-1.17749
0.69618	0.17594	0.29628	4.13915	-0.068906	1.96561	-0.733344	0.28435	1.24673	-1.58079	0.034529	-0.420596	0.051138	0.51615	-1.03656
2.21726	1.49309	2.03499	2.49533	0.418207	1.11846	-4.37136	-1.29937	-0.293351	-1.38597	-1.67429	0.198216	-2.56163	-0.619992	-2.0358
1.90188	4.2018	2.51716	3.03309	-0.489819	-0.123326	-2.14127	-1.02457	-1.82682	1.06418	-0.599655	-1.08235	-0.936935	-0.458052	-1.12554
-0.48364	3.3854	2.85055	5.03103	-3.03478	-0.873009	-2.24575	-1.97821	2.08373	-0.0147449	0.04574	0.98722	0.673159	-1.00456	-0.891453
1.07039	1.01365	1.44931	3.73648	0.09788	-0.344219	-3.87826	0.270244	-0.32575	1.56047	1.0297	-0.669357	-0.270918	0.380112	-1.88445
-0.55553	1.87731	1.44474	2.84522	-1.81458	0.435057	-0.85979	-2.17141	0.772906	1.50871	0.191393	-1.04919	-1.37395	-0.390499	-1.12483
2.14482	1.08904	1.54272	2.83075	-1.7471	0.411753	-3.32244	-0.553104	-0.970485	-1.25159	-0.489377	0.010251	-0.57155	1.24922	-1.99195
1.92001	2.02714	2.98352	2.0358	-1.67576	-1.03249	-1.51159	-0.189017	1.28002	1.58033	0.595591	0.187442	-1.14234	-0.558241	-2.88378
2.32955	2.80004	2.03659	2.95295	-1.56946	-0.726657	-1.79323	-1.88658	-1.06025	-0.594232	-0.236466	-1.53111	-1.27195	-2.25932	-2.22263
1.10141	4.00614	0.711008	4.39817	-1.02848	-1.78129	-3.02174	-0.625782	0.907639	1.33703	0.115667	-0.0427145	0.151925	-0.480475	-3.26976
2.42724	2.82046	1.70799	4.78943	-1.36323	0.362026	-2.39532	-0.540801	0.612286	0.120443	0.730718	0.150314	-1.63109	-1.92191	-0.042892
1.5159	0.962274	1.24184	1.87097	-1.37118	-1.26946	-1.40221	-1.4137	1.25054	0.987332	0.13795	-0.311424	-2.25566	-0.267061	-1.20158
2.33957	0.39506	0.06477	2.69037	-2.15336	-1.82444	-2.72969	-0.765078	0.848645	0.614685	1.59143	0.937105	1.25496	-1.939	-1.88786
2.28936	-0.78411	-0.65966	3.95358	-1.79158	-1.01864	-3.41341	0.25835	0.613855	1.75982	0.441713	2.2645	0.4933	0.198253	-2.50304
1.36826	2.15358	2.16822	1.53909	-0.51515	-0.45458	-2.52536	-0.467345	1.1283	-0.433612	-0.709149	0.682046	-0.278247	0.799276	-0.64387
2.62073	2.33604	-1.49159	4.45908	-2.24797	-1.59811	-0.44398	-1.42815	-0.346068	1.33187	1.78209	-0.318295	-0.150573	0.531718	-1.96887
-0.93107	1.71018	0.795573	4.52816	-2.091	0.129587	-4.17987	-1.39381	0.191826	-0.43392	1.73234	-1.09676	-0.56858	-0.136388	0.33581
1.71813	2.42832	-0.08978	2.90317	-2.1302	-1.52409	-2.94338	-1.56536	1.51912	-0.098658	0.011826	-0.12958	1.61966	1.32152	-0.704986
2.40281	1.15629	0.11679	3.70504	-2.01603	-2.76558	-2.7436	-3.58656	1.69848	-0.635119	0.189698	0.050717	1.02164	-0.185909	0.015644
-1.112	1.33461	1.36109	3.79967	-0.19441	-0.538943	-4.97224	-0.05538	0.108487	-1.08822	0.618461	1.61007	-0.847608	-0.695171	1.4687
2.04858	0.877089	3.04024	3.59814	-1.61355	-0.207451	-1.19652	-3.07366	1.25351	1.60242	-0.21384	-0.915237	-1.86259	1.84856	-0.157005
1.68173	0.20489	1.2385	2.37111	-0.944472	0.203932	-2.17063	-1.34086	0.593928	0.45609	0.848304	-0.412891	0.238697	0.382957	0.169961
-0.07219	1.09502	2.02946	1.88016	-1.97371	-1.61032	-2.21109	-2.48458	0.791808	1.99621	1.67184	2.62826	1.0874	-1.33447	-2.59658
0.411873	1.9961	3.60835	3.28517	-3.68269	0.298982	-1.82462	-1.33238	0.179909	1.21324	1.58706	-0.50569	0.778284	-0.987697	0.297494
2.58385	0.513342	1.70723	3.62794	-2.77449	-0.791767	-2.55275	-0.831092	-0.26349	1.13596	0.956385	1.76972	0.783044	1.01131	0.726663
0.810725	2.44236	1.16824	2.4957	-1.81338	0.846823	-4.12019	-1.17575	-1.06674	1.90949	2.69266	-0.573367	0.894702	0.823752	-1.46924
3.49564	0.364053	-0.46112	2.05811	-1.39801	-0.749063	-1.44066	-1.78016	1.17916	1.56326	1.39946	2.09681	-0.76826	-1.15997	0.552057
-0.454507	0.07793	1.3802	1.54795	-3.10095	0.02726	-2.29693	0.38839	2.21041	0.856936	1.69308	0.501464	2.22445	0.336846	-0.381055
-0.649252	1.52514	-1.35834	4.63947	-0.6253	-0.591936	-2.50701	-1.74721	1.84186	0.34054	2.47901	0.977046	3.2369	2.23117	0.317791
1.50735	2.11244	0.957777	1.51428	-2.93581	-2.98896	-4.05809	-1.6611	-0.321821	1.40636	2.36979	-0.19569	0.247736	1.79734	1.13743
0.125357	-0.440637	0.889039	3.70927	-0.43366	-0.425695	-3.3874	0.076	1.57438	1.60503	0.35607	-0.314219	1.93925	0.833766	-0.014098
1.57486	0.733054	2.42646	2.33339	-0.866331	-1.13686	-1.40048	-3.98147	1.52379	-0.219179	1.67031	-0.07399	2.36151	-0.423466	0.896329
-0.085072	0.994666	-1.12037	2.8778	-1.86226	-0.82085	-1.00599	-1.92852	2.25706	1.35805	1.73717	0.833241	2.7939	1.72691	1.87469
-0.409945	0.072597	0.59544	1.84362	-1.98912	-1.13128	-4.25322	-2.12468	0.427178	0.481033	2.92404	-0.43833	2.38425	2.0087	0.937981
-1.45756	-0.309127	-0.053362	2.46422	-2.07609	-1.617	-2.65167	-1.98557	0.967935	1.49289	4.41193	1.44723	1.95871	-0.400906	2.94429
0.403614	0.445615	0.221809	0.809757	-1.84442	-1.31419	-2.58026	-1.2227	-0.51486	-1.65258	2.98693	1.84591	0.676719	1.2419	-0.807168
0.660619	2.53921	0.230528	2.82712	-3.33087	-0.636542	-1.49295	-1.13421	0.02465	-0.071241	1.81163	1.23608	2.32653	0.537583	0.072367
1.29684	0.216497	-0.26401	-0.03412	-2.09245	-2.87306	-3.21203	-0.53751	2.93616	-0.369138	1.22643	1.09936	0.948288	0.533263	1.82155
-0.303287	0.892986	0.782818	1.18631	-1.64224	-0.451522	-1.96752	-2.85989	1.76797	3.16223	2.05387	0.755215	-0.19442	1.0149	0.293498
1.36568	0.907965	1.38658	1.04078	-2.5028	-0.545245	-0.896783	-0.803701	0.889877	1.23331	2.77672	0.801469	1.15097	0.331197	0.84687
0.662201	0.024493	-0.526541	0.122228	-2.53763	-1.1314	-1.95585	-0.22101	0.712313	0.531774	4.07273	2.7927	-0.66864	1.42417	2.12981
1.29731	-0.306493	-0.307157	-0.485024	-0.394569	-0.752686	-1.20087	-1.00903	1.09468	1.98033	2.5006	1.46507	2.47582	1.09721	0.687669
1.21131	0.589829	-1.29849	1.18945	0.49108	0.196457	-0.648944	-1.09788	0.434201	1.8969	2.0553	0.599264	0.513947	1.89787	2.95276
-1.1845	-0.53947	1.68141	0.264477	0.04875	-1.78702	-0.339532	-1.73221	3.00154	0.710946	2.11897	1.40803	1.66593	2.3481	1.04259
0.001599	-0.019374	0.792362	0.301569	-1.10572	-0.046805	-2.18122	-1.70146	1.45403	1.14559	3.459	2.40877	1.18788	0.678404	-0.04868
1.77821	0.878204	-1.10102	0.494229	-0.001695	-1.97348	-0.86078	-1.12969	2.48079	1.89184	3.52251	-0.0599	2.57589	1.03605	1.44659
-1.26843	-1.25628	0.471736	0.676519	-1.76822	-0.091168	-1.64236	-0.12299	1.2733	0.883535	5.03608	2.25122	0.16315	1.55537	1.9071
-0.139135	0.654073	-0.27421	-0.18955	-2.72752	0.012148	-1.32817	-1.17528	2.36634	-0.37815	5.65479	1.38146	1.85457	0.508564	1.40732
-0.065995	-0.998455	0.830943	-0.998224	0.383924	0.246876	-1.1756	-0.208708	0.67607	-0.199709	3.91133	2.28304	1.7127	1.22091	1.30544
-1.19749	-1.22297	-0.639575	-0.512493	0.951865	-0.76137	-0.981431	0.09274	1.39867	1.33667	3.94817	0.4296	2.05061	2.40234	1.73459
